0080425400000020000000000000000300000000000000020000000000000000
0000000000000000000000000000000000000000000000000000000000000000
01000000000000000000000000000000000000000000009E000000000000008A
02000504000000000000000000000003000000000000003A0000000000000000
0000000000000005000000000000000000000000000000000000000000000000
0200050000000000000000000000000200000000000000090000000000000000
000000000000000F000000000000000300000000000000000000000000000000
0200050400000000000000000000000500000000000000190000000000000000
0000000000000000000000000000000500000000000000000000000000000000
0300FF0200000000000000000000000200000000000000050000000000000000
0400010000000000000000000000000000000000000000070000000000000000
04000100000000000000000000000001000000000000004A0000000000000000
0000000000000000000000000000000000000000000000000000000000000000
0000000000000000000000000000000000000000000000000000000000000000
0000000000000000000000000000000000000000000000000000000000000000
0200050400000000000000000000000000000000000000000000000000000000
0000000000000000000000000000000500000000000000000000000000000000
0500000000000000000000000000000300000000000000000000000000000000
0000000000000060000000000000006000000000000000130000000000000000
0000040000000000000000000000000000000000000000110000000000000004
00000000000000160000000000000004000000000000011A0000000000000000
0000000000000001000000000000000000000000000000000000000000000000
0500000000000000000000000000000300000000000000000000000000000000
0000000000000005000000000000000500000000000000180000000000000000
2444494354000000000000000000000000000000000000000000000000000000
0300FF0500000000000000000000000500000000000000070000000000000000
0400050000000000000000000000000000000000000000110000000000000000
04000500000000000000000000000001000000000000001F0000000000000000
0400050000000000000000000000000200000000000000270000000000000000
04000500000000000000000000000003000000000000002F0000000000000000
0400050000000000000000000000000400000000000000400000000000000000
0500000000000000000000000000000300000000000000000000000000000000
0000000000000060000000000000006000000000000000210000000000000000
11010400000000000000000000000001000000000000001F0000000000000000
0000000000000024000000000000000000000000000000080000000000000020
0000000000000008000000000000000000000000000000000000000000000000
0500000000000000000000000000000300000000000000000000000000000000
0000000000000004000000000000000400000000000000260000000000000000
6E616D6500000000000000000000000000000000000000000000000000000000
0500000000000000000000000000000300000000000000000000000000000000
0000000000000060000000000000006000000000000000290000000000000000
0501040000000000000000000000000200000000000000270000000000000000
000000000000002C000000000000000800000000000000080000000000000004
0000000000000008000000000000000000000000000000000000000000000000
0500000000000000000000000000000300000000000000000000000000000000
00000000000000030000000000000003000000000000002E0000000000000000
6167650000000000000000000000000000000000000000000000000000000000
0500000000000000000000000000000300000000000000000000000000000000
0000000000000060000000000000006000000000000000310000000000000000
11010400000000000000000000000003000000000000002F0000000000000000
0000000000000034000000000000001000000000000000080000000000000020
0000000000000008000000000000000000000000000000000000000000000000
0500000000000000000000000000000300000000000000000000000000000000
0000000000000004000000000000000400000000000000360000000000000000
6369747900000000000000000000000000000000000000000000000000000000
0500000000000000000000000000000300000000000000180000000000000018
0000000000000030000000000000001F00000000000000480000000000000000
1900000000000000000000000000000000000000000000010000000000000000
0300FF0300000000000000000000000300000000000000030000000000000000
0400070000000000000000000000000100000000000000370000000000000000
0400070000000000000000000000000200000000000000710000000000000000
0400070000000000000000000000000300000000000000930000000000000000
0000000000000000000000000000000000000000000000000000000000000000
0000000000000000000000000000000000000000000000000000000000000000
0500000000000000000000000000000300000000000000000000000000000000
0000000000000060000000000000006000000000000000420000000000000000
0500040000000000000000000000000400000000000000400000000000000000
0000000000000045000000000000001800000000000001020000000000000100
0000000000000000000000000000000000000000000000000000000000000000
0500000000000000000000000000000300000000000000000000000000000000
0000000000000004000000000000000400000000000000470000000000000000
244B455900000000000000000000000000000000000000000000000000000000
000000000000005A000000000000006400000000000000668005757365723100
0000000000000000000000000000000000000000000000000000000000000000
0200050401000000000000000000000300000000000000540000000000000003
000000000000004C000000000000000500000000000000000000000000000000
02000500000000000000000000000001000000000000004E0000000000000000
0000000000000000000000000000004A00000000000000000000000000000000
0300FF01000000000000000000000001000000000000004C0000000000000000
0400000000000000000000000000000100000000000000040000000000000000
0000000000000000000000000000000000000000000000000000000000000000
0000000000000000000000000000000000000000000000000000000000000000
0000000000000000000000000000000000000000000000000000000000000000
0000000000000000000000000000000000000000000000000000000000000000
0300FF03000000000000000000000003000000000000004A0000000000000000
04000A0000000000000000000000000100000000000000000000000000000000
04000A0000000000000000000000000300000000000000000000000000000000
04000A0000000000000000000000000200000000000000000000000000000000
0000000000000000000000000000000000000000000000000000000000000000
0000000000000000000000000000000000000000000000000000000000000000
0500110000000000000000000000003700000000000000200000000000000100
00000000000001000000000000000005000000000000005C0000000000000000
416C696365000000000000000000000000000000000000010000000000000000
0000000000000000000000000000000000000000000000000000000000000000
0000000000000000000000000000000000000000000000000000000000000000
0000000000000000000000000000000000000000000000000000000000000000
0000000000000000000000000000000000000000000000000000000000000000
0000000000000000000000000000000000000000000000000000000000000000
0000000000000000000000000000000000000000000000000000000000000000
0000000000000000000000000000000000000000000000000000000000000000
0500050000000000000000000000003700000000000000040000000000000020
0000000000000020000000000000000100000000000000390000000000000000
0500110000000000000000000000003700000000000000200000000000000100
0000000000000100000000000000000800000000000000690000000000000000
1E00000000000000000000000000000000000000000000010000000000000000
4E657720596F726B000000000000000000000000000000000000000000000000
0000000000000000000000000000000000000000000000000000000000000000
0000000000000000000000000000000000000000000000000000000000000000
0000000000000000000000000000000000000000000000000000000000000000
0000000000000000000000000000000000000000000000000000000000000000
0000000000000000000000000000000000000000000000000000000000000000
0000000000000000000000000000000000000000000000000000000000000000
0000000000000000000000000000000000000000000000000000000000000000
05000000000000000000000000000003000000000000011A000000000000011A
000000000000011A000000000000001F00000000000000730000000000000000
000000000000007C000000000000008600000000000000888005757365723200
0000000000000000000000000000000000000000000000000000000000000000
0000000000000000000000000000000000000000000000000000000000000000
0000000000000000000000000000000000000000000000000000000000000000
0000000000000000000000000000000000000000000000000000000000000000
0000000000000000000000000000000000000000000000000000000000000000
0000000000000000000000000000000000000000000000000000000000000000
0000000000000000000000000000000000000000000000000000000000000000
0000000000000000000000000000000000000000000000000000000000000000
0500110000000000000000000000007100000000000000200000000000000100
00000000000001000000000000000003000000000000007E0000000000000000
426F620000000000000000000000000000000000000000010000000000000000
0000000000000000000000000000000000000000000000000000000000000000
0000000000000000000000000000000000000000000000000000000000000000
0000000000000000000000000000000000000000000000000000000000000000
0000000000000000000000000000000000000000000000000000000000000000
0000000000000000000000000000000000000000000000000000000000000000
0000000000000000000000000000000000000000000000000000000000000000
0000000000000000000000000000000000000000000000000000000000000000
0500050000000000000000000000007100000000000000040000000000000020
0000000000000020000000000000000100000000000000680000000000000000
0500110000000000000000000000007100000000000000200000000000000100
0000000000000100000000000000000B000000000000008B0000000000000000
0600000000000000000000000000000000000000000000010000000000000000
4C6F7320416E67656C6573000000000000000000000000000000000000000000
0000000000000000000000000000000000000000000000000000000000000000
0000000000000000000000000000000000000000000000000000000000000000
0000000000000000000000000000000000000000000000000000000000000000
0000000000000000000000000000000000000000000000000000000000000000
0000000000000000000000000000000000000000000000000000000000000000
0000000000000000000000000000000000000000000000000000000000000000
0000000000000000000000000000000000000000000000000000000000000000
05000000000000000000000000000003000000000000011A000000000000011A
000000000000011A000000000000000000000000000000950000000000000000
0000000000000000000000000000000000000000000000000000000000000000
0000000000000000000000000000000000000000000000000000000000000000
0000000000000000000000000000000000000000000000000000000000000000
0000000000000000000000000000000000000000000000000000000000000000
0000000000000000000000000000000000000000000000000000000000000000
0000000000000000000000000000000000000000000000000000000000000000
0000000000000000000000000000000000000000000000000000000000000000
0000000000000000000000000000000000000000000000000000000000000000
0000000000000000000000000000000000000000000000000000000000000000
0000000000000000000000000000000000000000000000000000000000000000
0000000000000000000000000000000000000000000000000000000000000000